31
19
17
22
5
44
2
0
8
30
3
10
15
8
11
26
6
26
0
18
15
23
25
32
13
20
20
39
32
8
28
22
10
2
13
21
0
21
26
28
17
18
16
35
22
21
5
35
11
23
20
8
8
28
5
15
16
41
15
21
9
37
28
5
23
25
21
4
7
32
35
7
19
45
24
5
7
14
5
15
32
25
9
13
14
40
6
1
35
26
9
35
22
3
8
5
0
12
32
21
13
9
23
9
21
25
20
21
8
12
18
21
11
4
18
1
5
10
5
18
8
12
17
15
24
19
15
34
24
5
7
20
21
21
4
23
17
27
26
14
17
0
21
4
20
13
4
5
14
22
20
13
3
8
33
20
0
32
16
35
4
10
17
17
9
26
12
41
9
24
17
14
22
13
13
5
18
15
8
9
31
18
20
17
0
4
38
13
28
17
10
21
25
0
6
31
17
11
3
12
4
8
14
5
17
8
3
11
39
13
21
5
33
8
5
23
14
24
4
15
25
3
45
33
36
46
5
37
16
35
29
2
49
34
25
8
23
27
11
4
6
23
9
19
38
5
6
15
10
7
39
15
21
31
26
38
35
26
27
56
18
8
30
4
28
10
10
23
22
5
19
35
24
27
24
21
32
13
3
32
30
14
21
1
44
41
17
22
7
4
15
0
9
44
8
15
25
11
2
29
35
5
32
0
0
34
39
1
19
42
16
6
5
9
40
28
0
12
26
34
39
4
57
23
37
23
0
3
26
8
0
39
9
48
10
19
31
32
19
10
45
20
8
18
18
51
46
14
11
14
19
8
4
29
35
3
17
17
24
21
9
48
15
25
48
38
0
31
9
21
39
26
18
50
1
44
1
36
44
27
3
14
17
25
17
0
27
18
5
28
13
24
4
12
9
24
24
19
0
6
37
62
28
46
17
10
40
0
10
15
47
15
13
10
22
19
14
51
31
26
38
34
15
10
11
15
25
12
45
0
33
53
13
10
0
23
4
26
45
38
19
37
14
4
38
5
41
14
5
5
37
22
22
5
11
18
44
39
34
30
34
21
0
31
49
30
4
31
35
27
8
24
10
0
51
14
60
5
8
49
43
19
5
10
28
14
7
36
25
15
31
21
0
53
14
37
38
36
0
32
9
5
39
50
13
49
38
41
12
23
38
24
43
29
51
26
15
41
17
7
14
14
19
4
0
21
53
34
28
14
29
33
10
5
9
16
37
29
9
34
54
4
6
26
50
14
9
34
32
25
10
13
18
10
19
33
40
0
5
9
51
23
5
16
8
19
7
28
55
18
26
9
18
26
29
0
35
0
40
10
45
44
5
24
31
25
49
12
27
34
10
0
46
39
49
16
10
10
0
3
4
22
12
15
19
15
7
47
28
10
21
45
50
14
18
14
0
14
28
34
33
15
27
19
13
13
28
26
30
34
8
22
35
12
10
17
32
36
14
5
33
15
10
5
26
51
25
39
39
5
1
22
43
11
31
15
10
4
23
5
20
43
16
18
25
21
