5
1000
122 765
501 630
950 467
346 333
293 721
159 759
518 810
358 319
975 897
22 860
495 457
353 538
378 606
469 783
752 290
379 839
190 42
475 657
724 390
718 895
46 205
162 434
99 702
73 515
8 376
483 755
894 538
159 148
152 700
366 150
558 725
625 211
268 962
854 251
156 869
367 753
392 572
330 636
481 630
154 151
339 577
876 561
366 263
779 238
935 892
317 996
476 530
260 278
724 357
254 317
573 520
37 770
732 38
775 181
616 241
199 530
695 806
874 766
8 711
20 950
367 160
921 841
164 355
588 689
172 892
875 806
783 837
368 970
168 883
210 350
801 703
458 60
92 246
38 803
850 34
626 558
856 663
642 557
685 71
737 443
574 686
869 854
930 670
513 506
406 260
97 134
42 305
122 157
202 322
871 927
399 776
581 325
507 553
64 481
160 382
492 780
945 811
261 773
583 626
574 57
550 88
438 693
165 574
263 62
162 273
982 914
988 906
349 812
15 167
308 540
11 48
267 60
661 507
434 524
541 729
658 63
478 407
881 604
362 206
481 534
291 115
281 372
410 919
787 466
140 72
549 430
768 294
384 627
331 551
356 234
780 836
626 148
120 377
8 969
687 497
849 349
189 856
506 845
770 783
590 431
283 604
371 23
798 831
203 786
274 486
700 991
516 489
872 577
411 391
877 606
566 967
966 211
944 208
392 174
859 578
150 331
786 683
126 712
102 587
434 600
330 848
968 211
542 546
386 205
864 896
663 619
998 609
440 649
101 68
316 438
365 153
980 726
587 933
991 671
94 850
927 477
51 117
186 567
665 854
563 64
773 108
606 46
231 478
159 438
979 27
188 302
673 355
303 649
85 99
317 527
256 677
337 890
869 366
737 10
37 430
264 10
652 771
699 121
321 47
908 746
946 517
626 540
350 976
751 715
625 52
512 973
651 67
792 966
689 65
238 92
571 833
419 427
436 518
589 763
405 298
518 525
146 539
13 706
132 328
596 900
373 232
464 58
168 596
669 817
230 528
64 478
129 439
714 644
533 324
508 612
770 529
421 184
68 987
845 223
355 148
174 764
443 568
454 359
869 793
847 211
932 939
423 414
393 96
80 508
400 461
224 244
16 795
914 258
87 399
387 699
348 987
830 700
59 387
729 867
236 240
590 156
340 712
875 510
162 300
554 412
84 33
609 236
152 728
83 747
923 86
430 391
909 989
251 963
971 265
161 31
508 163
546 941
69 217
676 605
773 132
122 618
697 137
24 747
473 745
514 419
544 401
62 602
544 58
301 353
301 706
455 489
629 977
36 573
607 581
923 540
72 735
470 752
295 692
524 121
515 957
118 163
31 887
843 292
285 627
845 967
440 751
201 763
432 435
298 172
914 45
287 921
693 77
297 541
151 794
517 703
166 532
424 322
935 24
734 13
762 727
698 891
972 262
161 772
804 535
879 859
14 151
144 54
548 591
872 321
151 955
4 116
378 814
575 88
264 764
478 541
417 558
596 271
417 865
102 989
985 151
200 809
220 85
471 82
91 68
181 413
986 216
864 64
680 220
810 109
643 411
803 309
937 24
299 786
592 72
193 740
223 579
806 318
787 974
466 78
524 60
446 440
701 968
217 883
791 916
676 378
670 326
37 92
298 270
727 533
136 217
200 547
335 809
834 98
267 298
515 56
830 591
949 74
417 195
583 29
647 424
66 78
491 812
965 442
237 79
689 775
385 278
885 105
456 67
171 445
501 306
817 738
809 629
722 531
999 569
499 551
737 40
470 97
825 821
738 320
377 363
696 16
108 822
71 575
882 416
306 712
752 293
405 619
669 607
811 428
30 851
19 264
587 458
431 259
817 66
796 205
526 618
148 344
871 361
407 539
557 256
661 842
740 211
598 60
979 844
442 212
615 368
785 504
383 264
773 741
953 625
811 177
716 277
910 143
852 880
771 215
82 995
782 899
369 964
428 380
186 548
238 611
400 96
333 848
549 921
936 902
435 84
224 668
740 187
900 390
154 113
45 474
752 746
916 236
839 785
95 706
850 144
424 841
955 436
949 46
315 957
865 94
574 578
473 455
700 140
288 876
418 638
284 476
223 684
367 388
935 865
983 1
779 606
334 694
983 538
635 444
283 837
287 141
923 228
416 968
278 864
938 401
339 191
17 806
671 153
800 467
496 740
237 342
590 128
658 35
356 148
622 202
924 968
738 524
792 521
197 873
98 504
416 941
325 882
418 679
585 793
286 545
843 66
120 155
611 119
243 481
502 718
838 166
587 530
327 168
246 658
718 195
420 577
656 561
609 967
372 77
665 846
638 684
600 279
415 230
482 451
283 930
268 690
794 71
904 47
247 4
837 97
476 265
517 996
852 867
406 190
920 460
353 387
147 944
294 90
29 266
773 541
108 301
39 981
502 860
59 435
753 450
113 512
107 618
691 230
442 416
751 805
829 6
79 871
673 457
936 716
85 465
654 999
70 572
751 175
788 939
355 335
99 692
219 326
123 919
871 304
465 961
878 443
220 764
25 354
536 52
200 118
790 851
980 920
450 14
820 16
963 126
753 50
663 209
889 555
141 374
447 376
449 477
433 680
748 436
977 845
937 378
176 89
96 688
775 500
710 681
964 293
731 580
756 601
917 280
469 648
90 244
475 508
885 248
119 751
66 516
128 671
909 764
390 206
659 925
30 164
857 151
437 238
937 384
111 319
465 848
125 289
736 357
750 15
259 160
65 859
665 798
610 283
325 215
241 862
9 851
237 467
913 424
74 122
653 5
686 901
721 341
181 947
115 22
771 885
944 753
431 932
566 772
486 989
503 735
534 719
343 317
631 363
517 519
714 818
750 114
613 756
202 358
259 717
245 458
671 871
762 209
453 216
452 342
456 622
662 476
934 16
390 525
887 479
722 17
681 21
112 531
945 427
671 707
640 698
986 725
124 511
487 575
965 644
464 308
230 958
403 972
511 830
394 643
774 656
884 958
313 927
98 529
413 854
482 683
275 144
440 400
405 410
670 564
973 73
63 364
549 960
506 634
106 646
371 84
522 668
641 590
795 397
555 331
338 619
160 472
38 806
199 711
711 862
295 545
248 632
493 236
814 370
681 961
915 639
194 645
323 217
25 372
454 794
381 448
553 325
612 948
906 161
874 78
696 272
216 517
779 829
468 415
49 440
176 862
64 797
777 706
247 486
82 855
586 95
323 682
824 879
677 414
68 494
780 236
224 779
494 836
773 863
777 873
697 487
107 427
103 450
573 751
591 138
537 210
314 534
331 866
256 503
940 672
130 42
893 987
963 820
559 581
978 798
657 528
791 222
214 560
617 184
807 697
253 718
300 870
637 431
62 218
399 239
621 755
467 716
302 189
198 382
14 698
584 323
719 345
114 898
441 17
778 811
800 112
624 611
861 59
914 194
761 849
7 362
573 282
805 173
828 55
808 959
446 804
790 603
356 730
726 557
943 41
672 825
142 157
344 556
201 675
220 635
1000 601
845 491
43 321
668 733
730 258
481 179
599 917
109 47
221 167
774 550
571 312
204 49
299 975
312 729
221 272
28 272
659 366
899 926
451 128
50 110
331 970
911 412
145 121
796 51
858 865
910 826
47 170
320 981
854 250
336 790
369 505
678 427
35 426
40 739
840 323
664 186
962 542
239 762
483 998
96 61
316 448
658 802
358 731
715 782
922 134
655 116
377 381
388 823
758 169
279 593
289 435
800 543
929 146
80 984
183 451
402 579
657 868
678 347
395 286
352 180
106 475
677 3
589 720
232 199
182 66
815 565
994 873
827 125
628 932
720 139
359 143
675 950
911 641
611 213
153 235
180 218
748 210
816 803
419 375
570 31
608 158
886 112
471 621
498 150
27 960
632 821
348 709
933 999
819 202
716 262
18 746
171 221
569 931
8 422
451 196
509 412
53 33
723 947
60 650
613 509
549 653
803 127
493 233
129 79
695 674
518 813
784 291
798 425
957 928
743 1000
199 918
397 158
679 41
338 207
462 676
364 917
22 560
41 249
582 97
339 890
819 760
565 378
116 623
104 2
160 55
242 491
459 724
297 769
255 998
149 866
104 857
200 133
421 264
972 808
8 332
629 915
952 834
942 875
595 193
435 838
954 353
289 523
342 620
484 907
286 576
713 801
744 130
93 482
686 11
192 807
730 767
268 907
566 708
767 429
311 556
903 602
296 51
555 12
234 597
892 704
880 990
888 670
919 997
951 959
758 239
409 872
252 975
841 993
853 937
280 614
52 694
943 552
549 912
799 675
225 590
75 813
488 735
815 76
950 705
593 269
50 135
905 86
44 466
16 229
497 535
178 262
369 329
185 194
742 357
227 420
713 32
276 328
739 754
101 633
439 100
81 330
838 594
226 892
773 485
749 888
26 771
760 396
404 372
924 131
832 420
919 310
992 630
257 922
351 516
789 184
666 41
883 667
660 627
837 480
490 66
373 562
223 835
463 97
398 702
781 312
408 348
334 956
259 389
360 376
757 974
307 464
999 500
151 985
627 285
977 629
211 966
608 158
498 150
218 62
437 238
109 810
167 221
779 224
771 652
938 401
681 21
579 402
880 852
161 906
753 450
921 841
16 696
514 419
294 90
80 984
842 661
949 46
965 644
907 484
800 112
247 4
376 8
231 478
63 364
447 376
398 702
558 417
130 42
388 823
611 624
236 916
540 308
187 740
440 751
980 920
915 639
300 162
890 339
575 71
148 355
811 778
164 355
64 864
838 435
491 242
399 239
948 612
420 577
60 598
378 565
438 316
144 850
50 135
885 248
252 975
148 626
454 359
143 359
832 420
211 847
558 626
17 806
224 779
443 568
71 575
730 258
14 151
540 923
762 209
105 885
237 342
377 120
737 443
711 199
169 758
34 850
289 435
148 159
102 587
533 727
335 809
330 81
65 689
712 306
849 761
427 419
550 774
913 424
8 376
267 298
96 400
971 265
331 555
419 375
451 482
724 459
865 935
675 201
773 108
553 325
584 323
895 718
659 366
86 923
294 768
692 295
94 865
590 156
674 695
794 454
857 104
344 556
624 611
417 558
238 92
308 464
864 64
268 962
106 646
349 812
391 430
400 96
845 506
421 184
808 959
834 952
565 378
873 197
428 380
883 667
611 238
935 892
190 406
25 372
793 585
473 745
851 790
611 213
695 806
604 881
358 202
256 557
524 121
747 83
729 867
40 737
99 692
293 964
100 439
806 17
847 211
864 896
851 9
865 417
90 244
711 862
41 679
839 785
468 415
440 400
567 186
1000 743
480 837
117 51
614 280
120 155
966 211
820 16
939 788
689 775
871 361
670 326
716 467
283 930
162 273
256 503
494 836
850 34
888 749
283 837
767 429
47 170
42 305
764 174
443 737
798 425
68 101
356 148
145 121
466 44
806 695
352 180
35 426
30 851
297 769
163 508
25 354
78 874
228 923
539 407
259 431
588 689
522 668
52 694
84 33
287 921
430 549
84 371
530 199
226 892
962 268
328 132
735 503
563 64
322 202
520 573
902 936
220 680
471 82
435 84
405 298
92 37
754 739
698 14
566 967
126 712
451 196
549 960
453 216
688 96
742 357
724 357
152 728
517 216
653 5
239 762
115 291
545 286
836 494
9 851
700 991
541 773
189 856
47 109
849 349
852 867
774 656
728 152
85 220
384 627
766 874
205 796
583 29
114 750
8 711
923 540
194 914
841 993
458 587
304 871
831 798
686 574
871 304
858 865
679 418
393 96
546 542
999 654
46 205
185 194
66 843
979 27
418 638
381 377
223 579
83 747
369 964
837 283
331 866
467 950
513 506
216 986
865 94
578 574
335 355
481 64
692 99
855 82
583 626
375 419
775 181
607 581
210 537
317 343
771 26
212 442
669 817
658 246
350 976
738 320
860 22
300 870
779 238
706 95
917 280
967 566
756 601
763 201
810 518
751 440
753 944
112 531
564 670
746 752
50 110
725 558
413 854
924 968
205 386
318 806
994 873
104 2
989 909
51 296
229 16
723 947
417 865
750 15
762 727
205 46
791 916
435 432
425 798
867 729
974 757
700 830
407 539
390 206
906 988
12 555
576 286
363 631
934 16
289 125
266 29
132 773
151 794
246 92
659 925
670 930
502 860
66 490
951 959
97 582
969 8
591 138
600 434
880 990
846 665
164 30
593 279
410 405
675 799
910 143
60 458
968 211
873 994
613 756
640 698
594 838
776 399
481 243
418 679
691 230
290 752
840 323
310 919
156 869
297 541
433 680
336 790
376 360
125 289
643 411
606 378
577 420
914 258
722 17
288 876
311 556
426 35
72 735
306 712
803 38
195 718
581 325
251 963
991 671
990 880
590 641
730 767
92 238
668 733
84 435
579 223
632 821
79 237
960 549
848 333
765 122
131 924
361 871
258 730
323 840
792 966
146 929
817 66
859 578
286 395
161 772
557 256
165 574
599 917
272 28
914 194
189 302
436 748
199 530
508 163
879 824
458 60
223 684
194 185
298 172
339 577
163 118
887 479
217 69
326 219
29 583
751 805
122 157
872 321
59 387
991 700
464 307
203 786
805 173
20 950
875 806
452 342
719 534
869 156
642 557
658 63
743 1000
544 58
51 796
683 482
221 171
491 812
338 207
97 463
432 435
944 208
562 373
856 663
821 825
153 671
694 334
555 12
493 233
719 345
797 64
39 981
997 919
660 627
503 735
49 440
38 806
598 60
539 146
298 405
716 936
16 795
529 770
548 591
222 791
326 670
993 841
998 483
919 310
983 1
459 724
837 783
936 902
139 720
666 41
4 116
271 596
876 288
917 599
541 478
859 65
136 217
473 455
322 424
852 880
875 942
64 481
716 277
200 133
22 115
62 602
814 378
622 202
269 593
790 851
348 987
619 663
372 404
937 384
755 483
711 8
947 181
8 422
541 297
780 236
476 265
486 274
390 900
975 897
733 668
467 716
815 565
998 255
119 751
724 390
587 933
807 192
151 14
689 588
303 649
796 205
422 8
217 323
919 997
77 372
148 356
382 198
700 152
535 497
46 949
590 431
301 108
516 66
650 60
184 617
287 141
463 97
154 151
857 151
744 130
791 222
964 293
615 368
210 350
476 284
195 417
280 614
412 509
516 489
892 172
750 114
597 234
238 779
143 910
199 232
487 697
128 590
209 762
767 730
256 677
448 381
843 292
108 773
339 890
342 237
147 944
959 951
234 597
631 363
64 797
283 610
415 230
910 826
651 67
783 837
779 606
864 278
715 782
710 681
975 299
378 814
166 532
497 535
819 760
862 176
41 249
869 854
47 904
935 24
943 552
680 220
27 960
217 883
153 365
334 956
451 128
883 217
106 475
52 625
731 358
649 440
402 579
159 438
630 992
17 441
604 283
596 900
190 42
122 765
649 303
466 787
31 887
474 45
330 848
199 711
919 410
202 819
602 62
808 972
927 871
517 519
122 618
345 719
348 408
568 443
962 542
211 740
99 85
984 80
38 803
892 935
120 377
663 209
367 388
801 703
51 117
101 633
148 344
702 398
949 74
36 573
206 362
968 924
316 438
931 569
254 317
32 713
263 62
366 869
30 164
112 800
596 168
714 818
717 259
590 225
72 140
44 466
24 935
267 60
497 687
782 715
566 708
26 771
515 73
727 762
279 600
644 714
764 909
695 674
770 529
124 511
503 256
246 658
924 131
45 914
17 722
741 773
753 367
332 8
356 730
239 758
74 949
973 73
780 836
570 31
814 370
73 973
961 681
697 487
420 832
845 223
278 864
438 159
936 716
759 159
404 372
512 973
547 200
291 784
803 309
265 476
740 193
409 872
560 22
773 741
461 400
988 906
392 174
121 145
281 372
477 927
999 569
912 549
954 353
109 47
500 775
339 191
292 843
518 525
746 908
257 922
40 739
706 777
572 70
66 182
244 90
606 46
180 352
194 645
641 590
677 3
906 161
591 830
542 546
534 481
484 907
709 348
277 716
627 660
50 753
166 838
904 47
549 653
6 829
987 893
718 195
265 971
657 475
184 789
790 336
218 180
325 553
316 448
160 382
236 240
125 827
953 625
970 368
537 210
549 430
424 913
986 725
239 399
778 811
908 746
720 589
950 20
707 671
885 771
174 764
442 416
916 791
706 13
284 476
752 746
353 954
98 834
482 93
740 187
657 868
377 381
678 427
353 301
227 420
930 283
101 68
168 596
353 538
841 921
173 805
478 407
892 226
739 754
191 339
529 98
389 259
932 431
159 759
601 1000
818 714
230 528
496 740
168 327
347 678
609 967
612 508
91 68
346 333
161 31
577 339
721 341
916 236
383 264
515 957
469 648
983 538
184 421
155 120
891 698
82 855
648 469
253 718
368 615
97 470
108 301
947 723
301 706
356 234
967 609
482 683
677 256
272 696
926 899
580 731
942 875
787 974
581 607
935 865
899 926
751 715
97 134
696 272
178 262
456 622
672 940
796 51
901 686
974 787
646 106
768 294
401 938
221 272
478 231
379 839
822 108
532 166
830 511
987 68
333 346
215 325
725 986
238 437
825 821
661 507
355 148
779 829
200 118
98 504
283 604
67 651
943 41
364 63
524 738
440 49
58 464
320 738
363 377
373 562
114 898
672 825
177 811
978 798
623 116
794 151
837 97
892 704
499 551
357 736
569 931
440 649
96 393
451 183
240 236
369 505
329 369
416 442
999 933
478 541
70 572
636 330
270 298
726 557
320 981
174 392
60 524
198 382
780 492
274 486
488 735
566 772
260 278
397 158
366 659
103 450
838 166
681 710
950 467
703 801
504 98
490 66
82 471
589 720
670 564
854 413
918 199
67 456
686 901
362 7
512 113
941 546
618 122
167 15
536 52
483 998
812 349
483 755
909 764
119 611
504 785
992 630
573 282
673 457
415 468
752 290
571 312
696 16
477 449
877 606
802 658
590 128
186 567
795 397
561 876
643 394
424 647
479 887
920 980
533 324
328 276
775 689
538 353
78 466
457 673
730 356
18 746
207 338
273 162
543 800
1000
765 858
125 600
328 215
5 830
429 193
200 111
203 563
625 872
23 960
949 126
689 923
246 622
261 871
186 894
155 215
917 185
200 791
779 959
794 937
575 642
736 586
224 562
431 354
934 898
894 503
249 409
852 443
802 978
724 617
744 428
104 700
85 155
555 792
62 973
373 159
255 590
931 550
132 412
829 93
689 980
734 66
107 499
999 942
692 509
125 959
779 10
454 213
946 828
240 973
983 619
426 760
467 841
496 389
22 270
836 507
825 509
880 576
410 500
724 125
579 160
950 24
964 415
541 544
13 421
182 244
652 720
79 789
637 931
807 295
381 918
843 908
734 157
210 889
270 581
451 871
120 810
633 755
153 483
510 543
860 76
909 887
895 788
982 308
948 277
830 213
537 254
5 921
104 372
654 574
632 188
122 525
330 291
733 291
316 63
576 641
1 299
53 525
415 807
438 831
896 933
343 981
698 293
767 88
40 186
379 29
782 971
275 21
809 483
379 925
772 690
11 870
476 713
727 198
269 538
864 774
778 677
961 722
881 292
283 675
229 456
201 696
898 498
677 9
397 507
769 203
138 212
615 895
331 519
274 3
871 843
850 599
849 205
412 449
245 618
232 586
831 797
289 206
396 991
752 8
750 778
337 660
268 757
69 979
552 284
206 747
623 181
934 4
181 291
1 699
342 582
302 139
14 946
282 16
554 556
789 66
885 592
106 16
132 406
587 906
762 448
60 646
828 429
67 812
310 937
582 305
901 787
997 360
459 413
636 684
326 184
746 896
457 773
741 159
513 997
83 532
889 219
522 316
479 684
74 543
437 790
997 162
369 22
822 160
797 984
703 316
63 979
393 545
842 90
496 922
923 436
717 698
806 869
762 989
575 115
369 429
328 266
30 927
473 769
872 259
900 170
348 359
165 981
849 69
336 78
925 904
675 203
223 435
191 543
891 514
587 1
794 935
770 190
111 366
248 459
475 282
688 171
282 438
289 479
299 868
492 145
755 529
568 376
459 639
510 800
718 410
38 39
228 116
128 384
146 793
603 516
255 771
146 444
833 303
954 872
806 766
197 59
947 630
506 621
176 286
331 616
594 949
757 563
384 852
643 858
982 215
324 196
13 640
849 596
585 932
872 264
730 524
883 357
811 445
641 305
870 809
868 551
39 636
386 271
92 191
396 844
163 105
154 460
140 88
781 603
890 12
387 112
191 429
503 270
725 48
702 620
230 647
995 462
453 926
276 34
298 838
634 348
714 893
61 619
20 724
38 89
205 56
211 231
85 186
7 686
536 567
896 527
639 520
927 676
180 387
547 837
185 608
542 604
185 645
358 681
102 931
317 551
289 742
633 773
941 137
941 21
317 248
895 577
841 404
1000 513
157 531
839 726
881 381
78 851
594 488
907 494
304 261
537 436
887 232
236 682
478 628
200 684
682 389
27 426
932 140
966 190
71 214
329 223
35 446
20 801
725 254
614 19
716 738
802 128
61 973
29 878
456 130
737 210
881 413
493 802
121 583
394 81
514 125
256 783
358 801
559 39
136 840
798 615
673 738
744 363
93 70
58 826
772 523
398 719
297 808
203 74
150 341
979 228
350 191
964 271
858 552
647 507
661 541
260 194
800 54
172 469
206 257
917 741
369 792
833 91
3 750
536 136
525 318
169 358
876 565
869 213
303 458
477 391
35 21
375 60
711 293
125 239
752 640
837 143
958 768
938 39
22 840
817 838
870 251
245 160
307 869
204 883
878 816
648 747
42 520
407 174
336 247
995 592
596 26
642 201
22 491
791 98
841 677
135 428
455 867
606 953
635 793
608 448
118 792
760 637
931 815
500 79
938 469
542 617
145 680
685 481
382 377
578 852
839 861
515 504
850 598
580 361
917 88
913 76
207 204
533 183
437 625
862 735
142 574
31 576
567 297
900 977
640 771
786 541
501 281
44 980
78 652
159 712
607 314
527 456
969 348
40 736
752 366
638 807
43 346
45 919
502 556
641 561
443 375
599 406
389 479
691 919
187 462
263 790
587 512
91 163
125 502
887 184
76 870
91 77
968 401
920 29
639 732
500 95
623 479
329 614
213 633
190 873
146 523
413 348
81 664
668 13
850 724
668 824
961 978
365 851
192 827
216 818
273 46
347 45
541 75
49 357
184 999
455 979
938 387
464 585
839 868
722 398
384 605
223 654
64 808
77 272
984 345
758 87
804 828
192 986
139 217
126 635
315 343
917 716
531 198
704 533
447 396
781 135
975 305
334 508
712 258
377 293
498 458
104 387
752 820
738 134
131 435
328 681
280 563
25 580
381 509
286 936
776 54
614 855
152 648
243 970
865 928
523 224
645 6
185 998
638 889
977 777
941 832
151 262
269 138
513 587
929 583
969 875
698 708
924 494
930 691
965 334
420 584
482 203
881 782
398 472
332 368
30 724
271 352
900 90
957 364
47 337
685 908
313 37
269 445
999 148
421 481
108 138
872 420
231 541
118 928
961 434
421 115
952 318
899 868
350 989
413 793
194 207
387 44
718 278
122 257
311 986
697 370
441 853
597 203
969 607
277 646
912 379
302 881
687 487
648 731
629 312
967 658
90 148
67 72
464 975
424 1
685 583
999 526
219 303
667 126
904 711
981 960
6 819
24 114
579 40
942 461
874 418
153 214
304 592
891 431
768 574
56 219
502 422
98 81
402 547
180 631
206 12
696 722
940 790
516 671
661 530
155 483
182 229
323 676
645 961
501 405
704 442
424 238
342 985
622 9
179 244
632 236
728 472
913 310
435 838
118 635
18 100
707 832
363 415
256 750
17 451
86 97
279 39
984 153
13 344
276 893
204 750
176 705
863 589
192 414
878 979
650 149
264 177
636 119
527 465
36 319
272 546
506 281
367 865
280 735
448 147
65 245
351 819
15 135
216 202
771 45
584 818
602 662
58 386
288 719
744 692
429 709
555 207
589 490
777 287
847 663
198 480
135 495
947 203
667 83
321 626
534 474
238 706
269 228
771 437
36 5
648 100
31 179
155 763
666 965
499 99
43 654
109 370
501 981
221 248
761 104
2 593
535 987
997 149
484 230
501 806
524 882
50 113
33 263
343 658
944 823
958 390
498 901
588 978
364 320
858 713
109 786
194 86
354 784
763 409
188 408
441 56
179 669
772 237
616 414
950 977
399 757
392 703
554 154
480 735
550 614
139 749
182 144
513 903
618 218
934 835
361 740
623 612
355 736
569 642
45 150
94 354
700 82
14 506
927 301
657 558
762 686
15 453
80 674
253 354
765 109
68 64
768 214
636 544
664 337
403 121
5 349
548 57
961 589
360 595
458 539
30 300
848 620
478 815
924 616
112 610
198 916
878 799
720 657
28 157
664 311
32 263
919 534
533 251
78 486
508 587
992 397
873 719
380 727
327 943
289 720
832 994
589 57
457 325
825 433
282 580
859 959
889 339
330 368
65 963
9 446
609 820
225 942
196 688
468 418
240 398
933 990
544 41
659 806
850 914
34 223
468 972
577 924
621 886
425 842
701 87
897 211
67 907
404 837
843 222
974 985
473 613
484 277
7 705
712 227
555 322
821 410
485 890
957 679
543 447
602 67
407 244
34 848
934 129
702 117
101 402
693 825
28 312
110 71
673 252
423 165
87 835
178 3
543 353
877 97
481 780
691 166
565 195
683 330
882 295
888 567
321 637
93 836
892 493
358 468
241 405
939 344
133 348
944 429
502 470
218 756
129 606
449 285
362 948
33 335
504 48
655 486
943 122
324 346
553 29
655 391
584 988
419 562
240 910
830 250
627 566
911 681
847 873
951 250
988 161
505 844
243 338
509 748
66 313
51 295
118 570
355 987
612 571
75 739
325 84
620 294
408 611
303 233
729 298
491 962
864 351
226 333
745 219
697 450
687 718
641 296
821 168
424 197
767 560
143 976
521 106
570 440
649 583
497 157
805 770
401 936
374 552
293 338
540 708
147 220
651 812
754 833
533 695
333 669
107 268
156 953
678 217
522 385
568 511
266 721
432 734
45 452
167 703
677 265
764 882
528 312
199 164
103 59
608 915
353 290
805 670
173 98
145 8
113 532
743 705
446 151
141 165
489 744
644 731
415 557
378 998
929 439
393 377
309 837
854 656
905 20
332 371
785 126
209 788
723 108
527 411
175 465
353 956
42 242
761 189
13 364
447 715
854 429
416 199
28 2
813 667
588 775
96 834
700 235
373 566
624 885
661 158
17 195
572 457
164 410
672 565
660 845
337 884
955 165
324 124
946 710
814 678
476 471
123 907
517 749
526 857
702 430
662 267
38 466
674 826
77 568
273 578
879 483
52 66
751 921
518 95
410 856
388 60
58 356
826 759
606 591
208 799
653 859
846 596
102 383
592 127
120 345
573 525
834 395
281 73
39 694
691 96
438 417
795 110
753 308
665 918
955 400
306 134
469 427
370 902
887 803
564 550
340 842
796 839
55 591
37 549
740 993
866 948
17 601
48 234
996 288
671 945
463 845
999 500
54 800
185 917
190 873
582 305
989 350
431 354
643 858
927 301
164 199
839 726
58 356
143 837
37 549
116 228
320 364
90 148
782 881
778 677
674 80
81 98
986 311
195 565
40 186
672 565
687 487
676 927
125 600
257 206
154 460
406 599
468 358
14 946
305 975
25 580
635 793
94 354
337 664
708 540
577 924
415 807
997 513
84 325
973 240
806 501
550 931
281 501
598 850
479 684
634 348
452 45
967 658
410 500
522 316
861 839
489 744
456 229
847 663
883 357
819 351
503 894
651 812
505 844
337 884
829 93
303 458
637 931
467 841
512 587
289 742
289 206
418 468
401 936
694 39
917 716
962 491
242 42
483 809
308 982
584 420
773 457
602 662
928 865
570 118
274 3
563 203
987 535
522 385
576 641
830 250
375 60
939 344
321 637
961 978
318 525
78 336
979 69
767 88
653 859
98 173
270 503
815 931
583 121
109 370
381 509
750 3
374 552
119 636
79 789
549 37
388 60
908 843
386 58
791 98
87 758
450 697
833 91
592 127
689 923
575 115
592 995
735 480
788 209
268 107
544 541
684 479
614 329
741 159
635 118
21 941
118 635
186 40
409 249
784 354
387 180
721 266
914 850
582 342
66 313
526 857
895 577
811 445
854 429
126 785
457 325
303 833
250 830
565 672
990 933
238 706
850 724
12 206
580 361
562 419
616 924
22 840
614 550
929 439
543 191
104 387
74 203
79 500
815 478
731 648
636 544
872 625
417 438
189 761
538 269
551 868
525 53
458 303
618 245
575 642
214 153
635 126
979 228
210 737
9 622
186 894
657 558
678 814
240 910
500 79
543 510
604 542
135 495
719 398
533 695
367 865
539 458
377 393
324 124
446 35
163 91
78 851
747 206
642 569
200 791
664 311
294 620
519 331
915 608
217 139
998 378
792 555
200 684
760 637
698 717
839 861
66 734
238 424
776 54
407 174
87 701
735 280
902 370
838 817
160 822
779 959
812 67
122 257
654 223
360 595
883 204
589 490
45 347
69 979
516 603
429 193
262 151
165 423
761 104
439 929
15 453
244 407
966 190
981 343
691 166
975 305
315 343
245 618
527 896
462 187
639 459
328 681
438 417
31 576
188 632
941 21
229 456
639 732
291 181
986 192
530 661
619 61
645 185
925 379
854 656
782 971
435 838
542 604
248 459
799 208
323 676
65 963
203 74
408 611
768 214
37 313
368 330
277 948
658 967
313 66
118 570
397 507
415 964
617 724
510 800
108 723
424 238
527 411
842 425
420 584
436 537
480 198
978 802
526 999
660 337
882 524
377 382
572 457
312 28
429 944
394 81
153 483
707 832
922 496
664 81
961 434
336 247
318 952
13 344
230 647
364 320
31 179
700 104
727 380
393 377
377 293
470 502
965 334
282 580
412 449
86 97
764 882
946 710
125 239
165 141
511 568
107 268
383 102
224 562
979 455
681 328
97 86
1 699
565 195
982 308
291 733
1 299
457 773
568 376
701 87
593 2
771 640
348 413
404 837
496 389
136 840
334 965
350 191
997 162
289 479
208 799
145 492
58 826
785 126
669 179
98 81
288 996
215 328
410 718
826 58
981 501
695 533
592 885
691 930
805 770
972 468
959 125
5 349
555 322
95 500
81 664
445 269
456 527
931 637
30 724
836 93
126 635
976 143
483 879
563 280
63 316
64 68
424 1
179 669
219 889
642 575
515 504
961 645
886 621
677 9
969 607
900 977
772 690
523 146
533 183
802 128
266 721
269 138
934 835
579 160
496 922
125 959
197 59
491 962
43 346
718 687
691 96
507 647
775 588
206 289
587 513
159 712
753 308
595 360
495 135
391 477
833 754
337 47
537 436
509 381
620 702
223 329
77 568
792 118
459 248
426 760
702 620
719 873
102 383
254 537
469 938
322 555
868 299
358 468
569 642
195 17
577 895
954 872
477 391
874 418
115 575
521 106
638 807
620 294
313 37
979 878
881 413
554 556
20 801
60 375
269 538
479 623
148 90
172 469
507 397
38 466
190 770
287 777
882 764
235 700
793 146
155 483
329 614
13 364
916 198
138 108
113 50
608 915
161 988
527 456
501 281
565 876
590 255
230 484
20 724
34 276
22 369
384 852
981 960
330 291
693 825
185 608
344 13
261 871
864 774
20 905
416 199
157 734
485 890
544 636
992 397
686 7
147 220
139 302
202 216
232 586
878 799
806 869
357 883
185 645
248 221
543 353
872 259
754 833
316 63
193 429
415 557
850 598
555 207
307 869
795 110
843 908
41 544
203 947
246 622
988 161
17 451
158 661
481 421
870 809
168 821
433 825
528 312
145 8
873 847
196 688
449 285
441 56
234 48
724 30
566 373
623 612
57 589
457 572
757 399
263 33
484 230
206 12
943 122
137 941
606 591
870 11
88 917
773 633
286 176
120 810
191 429
929 583
964 271
34 848
510 543
552 284
140 932
980 689
150 341
269 445
224 523
849 69
358 801
702 117
125 502
39 279
149 997
529 755
809 483
466 38
128 802
836 507
649 583
87 835
421 115
763 409
398 719
264 872
705 743
102 931
587 906
689 980
351 819
868 551
326 184
844 396
143 976
251 533
690 772
606 953
448 608
429 828
751 921
913 310
830 213
885 592
808 297
61 973
413 459
134 738
734 66
878 29
744 428
533 704
397 992
484 277
249 409
665 918
730 524
659 806
700 235
524 882
744 489
15 135
832 707
410 821
747 648
866 948
353 956
890 485
637 321
330 683
3 178
818 584
674 826
207 555
215 982
800 510
513 587
446 151
909 887
720 652
373 566
316 703
648 152
609 820
838 435
58 386
552 374
21 35
72 67
271 386
317 551
401 968
289 720
723 108
700 82
675 283
403 121
435 131
282 16
239 125
332 371
449 412
30 927
3 750
346 324
169 358
83 667
755 633
244 179
331 519
555 792
942 461
584 818
173 98
984 345
405 501
27 426
375 443
928 118
282 438
513 903
606 129
135 428
52 66
605 384
203 482
395 834
797 831
525 573
76 860
184 999
464 585
81 394
325 457
865 367
937 794
69 849
231 541
369 429
177 264
847 873
524 730
728 472
987 355
501 806
328 215
45 150
293 698
112 610
541 786
711 904
906 587
410 856
908 685
579 40
576 880
942 999
30 300
443 852
981 165
603 516
926 453
547 837
486 655
91 163
201 642
469 172
218 756
231 211
724 850
147 448
156 953
151 446
414 616
270 22
932 585
339 889
736 355
465 527
812 651
931 550
475 282
13 668
22 491
121 583
220 147
871 261
197 424
771 437
429 854
937 310
44 387
427 469
757 563
770 190
927 30
468 418
340 842
295 51
146 444
974 985
737 210
380 727
44 980
49 357
612 571
545 393
170 900
494 924
814 678
186 85
923 689
631 180
771 45
946 828
389 479
348 133
109 786
409 763
924 577
361 580
155 763
226 333
396 844
769 203
768 958
155 215
790 437
834 395
348 969
266 328
671 516
292 881
892 493
574 768
48 725
989 762
359 348
780 481
831 797
859 653
215 155
437 790
596 846
633 755
993 740
667 813
121 403
56 441
790 263
212 138
788 895
756 218
941 832
335 33
546 272
832 994
438 831
379 29
786 541
227 712
999 942
673 738
766 806
806 659
99 499
938 387
901 498
617 542
879 483
804 828
944 823
162 997
347 45
568 511
222 843
45 919
907 494
822 160
898 498
85 155
64 808
888 567
448 762
688 196
835 87
277 484
669 333
251 870
841 404
413 793
913 76
722 696
413 881
163 105
798 615
115 421
36 319
35 21
969 875
684 636
948 277
259 872
384 605
885 624
360 997
594 488
578 852
662 267
498 901
479 289
504 515
650 149
144 182
950 24
329 223
465 175
190 966
837 143
947 203
797 984
253 354
26 596
968 401
852 578
337 660
474 534
358 681
834 96
310 937
536 567
469 427
454 213
860 76
366 111
697 370
516 671
712 159
988 584
325 84
722 961
23 960
733 291
645 6
314 607
321 626
54 776
279 39
498 898
500 410
619 983
295 807
415 363
720 289
48 234
828 804
509 825
553 29
120 345
523 772
934 4
796 839
965 666
786 109
153 214
557 415
146 523
213 869
302 881
324 196
179 244
940 790
865 928
863 589
823 944
957 364
499 107
816 878
898 934
273 578
502 125
478 628
502 422
999 526
85 186
917 741
283 675
949 594
183 533
410 164
622 246
535 987
943 327
414 192
648 747
241 405
573 525
712 227
778 750
807 638
458 498
541 544
472 728
571 612
757 268
628 478
858 713
983 619
574 142
93 836
627 566
825 693
112 387
542 617
772 237
752 366
89 38
586 232
841 467
459 639
904 711
507 836
887 232
907 67
192 986
373 159
740 361
382 377
7 705
887 184
369 22
612 623
63 979
644 731
850 914
663 847
203 563
293 711
724 617
877 97
16 106
839 796
713 476
336 78
636 39
601 17
801 20
481 780
670 805
126 949
919 45
840 136
389 682
86 194
24 950
483 153
196 324
270 581
1000
531 957
574 165
304 730
311 727
398 1000
208 209
278 142
518 675
213 845
325 872
282 483
73 313
987 889
945 720
944 605
535 694
270 793
353 61
309 346
475 166
947 874
810 100
735 918
778 375
863 713
506 251
874 871
299 806
142 659
700 414
116 178
729 672
735 565
487 994
377 578
425 578
997 516
966 940
894 279
369 280
887 749
872 474
673 788
542 536
104 685
977 527
918 854
141 351
710 529
503 138
298 219
538 442
894 150
397 408
411 464
387 837
645 89
369 653
653 209
164 30
680 943
321 909
54 43
683 546
452 822
681 896
106 12
925 542
85 9
422 640
335 937
102 558
218 286
157 964
192 222
940 248
382 202
699 472
709 872
692 113
848 642
549 273
184 109
602 822
915 131
713 252
552 834
196 76
93 939
586 575
858 747
110 911
963 205
127 822
521 102
30 453
866 63
332 23
853 719
577 187
367 159
230 805
184 740
180 365
222 832
298 551
25 113
683 962
238 240
285 465
677 507
732 605
330 100
325 616
791 993
619 460
960 82
821 322
406 661
446 3
270 813
108 115
847 287
842 889
247 412
598 656
934 561
11 553
329 898
40 342
968 315
679 369
849 645
687 651
571 655
322 269
11 547
128 563
699 901
363 764
502 359
33 483
477 912
436 801
398 352
949 673
655 197
645 34
615 913
259 585
206 442
849 900
647 345
527 8
149 747
662 947
524 187
854 203
355 926
336 342
25 190
157 951
349 135
117 64
180 509
857 738
79 252
586 943
362 991
767 448
574 330
571 687
647 183
365 263
519 5
510 615
402 76
367 594
72 810
272 402
831 721
441 136
254 271
877 318
874 797
722 581
949 977
451 703
801 36
422 863
378 284
535 28
194 202
627 177
42 613
421 592
248 246
508 626
603 90
923 657
33 196
624 999
418 192
322 624
866 843
986 411
673 381
704 593
817 293
50 104
276 946
487 307
601 537
959 181
354 824
550 498
231 164
421 719
394 68
784 637
960 300
233 90
910 2
364 976
690 756
769 316
662 113
469 184
168 179
321 25
620 564
385 489
297 134
406 55
56 561
413 130
193 784
766 330
101 236
598 479
245 688
349 880
297 292
241 813
106 290
625 269
585 916
611 481
349 316
814 535
257 554
16 848
179 145
169 370
519 122
719 831
234 192
56 756
719 11
547 354
669 541
231 329
631 928
130 672
907 534
788 303
108 935
513 845
640 703
35 506
266 109
325 54
537 573
41 984
519 758
795 512
595 725
20 29
96 696
600 840
908 308
768 47
921 480
609 939
15 192
363 514
136 827
499 806
27 229
89 12
186 254
82 622
723 921
815 442
723 965
268 712
518 815
27 912
169 150
511 753
152 814
153 683
816 494
718 54
815 986
182 929
718 626
279 853
78 400
320 559
600 718
511 841
675 934
4 817
338 416
507 232
540 536
405 492
170 741
824 47
773 11
162 950
477 530
954 75
91 125
536 164
776 115
512 57
307 841
251 442
134 238
821 766
26 502
888 941
823 728
63 928
549 897
892 99
766 38
100 154
730 645
293 601
105 141
471 986
588 57
280 763
509 217
782 765
458 681
417 511
398 840
518 945
896 634
461 889
418 927
171 33
195 354
1 230
509 2
452 923
160 581
347 925
293 360
380 796
916 448
768 560
343 364
786 530
277 992
299 878
31 148
385 400
974 555
420 60
843 44
831 188
70 468
189 558
440 499
17 860
713 419
525 674
930 804
412 235
980 426
568 692
311 301
85 128
620 168
28 34
620 835
209 686
374 897
957 457
365 650
557 883
639 858
569 980
848 968
765 133
117 296
348 243
689 634
432 383
340 41
467 625
55 181
601 608
65 441
35 715
364 533
398 323
961 845
194 239
16 129
980 775
681 947
845 745
222 860
56 447
614 23
32 367
420 236
375 330
605 990
568 302
462 805
286 524
980 181
819 761
642 574
834 649
79 26
445 168
388 530
119 544
770 25
843 502
451 455
428 36
868 479
995 848
178 65
684 476
729 233
849 716
590 95
693 68
943 757
2 311
789 764
381 904
649 63
900 973
372 526
71 407
262 548
996 380
296 553
520 989
873 34
877 880
197 212
695 166
745 620
719 270
313 866
640 745
562 529
676 844
96 489
320 274
833 22
779 935
816 998
187 821
907 198
720 547
782 790
559 793
238 72
217 254
734 741
298 122
133 616
170 236
894 217
655 189
351 539
720 75
163 287
788 959
208 455
97 311
689 275
534 668
421 528
58 469
54 388
338 435
907 827
854 268
166 445
628 56
151 517
388 126
871 372
843 216
382 244
881 115
774 477
874 576
454 332
24 69
936 591
104 197
898 834
17 364
705 629
16 892
817 595
566 594
366 445
96 114
751 237
662 207
894 204
237 356
809 308
926 974
204 830
756 167
260 837
665 284
901 401
770 832
582 294
823 575
648 515
124 700
506 875
794 107
856 782
286 560
303 985
729 622
986 706
159 449
424 453
32 333
500 98
90 660
548 149
245 91
731 652
149 958
151 653
692 8
868 909
630 444
159 826
219 935
411 522
832 155
231 473
358 333
893 167
161 456
69 680
98 776
849 930
806 824
879 243
940 141
562 680
395 552
369 591
203 176
838 526
583 269
704 745
873 470
1 120
829 349
665 119
293 541
729 709
956 523
945 85
955 866
203 312
775 789
405 104
57 793
35 966
164 136
810 294
163 568
679 590
456 897
502 234
270 595
603 59
592 398
965 619
88 71
313 930
428 534
517 59
160 94
762 998
462 722
118 560
72 110
579 489
163 525
850 915
970 535
85 416
496 60
900 836
866 326
599 987
505 427
553 61
537 140
944 462
691 238
724 972
772 29
180 171
162 911
849 478
138 562
145 236
141 317
701 848
663 753
828 630
899 952
662 785
867 639
861 722
261 144
536 454
264 775
692 78
875 327
434 91
707 480
497 300
754 880
7 252
312 464
533 463
557 411
254 432
749 338
83 211
817 746
677 441
181 469
651 291
10 689
392 867
157 232
613 37
226 206
822 329
505 286
880 382
571 401
328 645
48 568
302 84
102 304
332 276
272 997
550 730
337 269
819 393
910 584
153 227
966 403
798 296
790 391
322 288
183 721
657 260
359 724
529 172
19 316
905 791
939 10
697 883
501 666
465 681
883 519
990 576
406 902
150 409
751 796
955 891
619 943
719 374
540 816
131 150
901 309
219 747
733 204
884 818
965 666
918 707
626 380
258 482
675 714
412 126
41 127
718 726
649 599
806 457
153 151
904 355
244 991
895 855
458 663
202 546
38 39
433 19
967 806
769 284
305 859
344 614
829 245
989 326
439 99
400 920
389 511
70 965
342 356
351 305
42 417
963 28
225 288
899 574
301 890
618 607
6 679
786 826
390 986
76 938
991 596
755 76
83 176
352 88
96 80
394 797
729 243
43 578
444 8
995 800
431 521
971 823
215 866
373 839
539 142
772 547
768 870
711 600
112 665
67 895
69 739
76 644
148 264
752 668
66 949
57 580
924 655
556 2
816 948
283 85
696 852
158 462
706 214
5 855
247 156
787 460
356 982
308 689
289 496
86 400
975 309
666 708
101 319
959 486
727 46
397 888
493 344
970 258
49 255
933 679
632 355
892 404
367 175
429 21
123 129
81 169
218 74
33 587
57 396
581 570
844 210
349 988
87 120
415 509
285 397
23 956
510 557
819 760
448 107
740 137
281 30
844 690
614 658
451 819
931 776
21 65
375 324
881 825
900 857
682 835
989 466
983 43
182 508
101 612
145 191
320 335
667 840
132 496
92 33
905 465
443 169
491 481
445 306
485 326
14 303
384 164
665 185
942 730
592 261
267 146
935 884
630 386
801 627
808 440
491 667
766 361
777 90
992 555
545 787
147 641
515 822
83 979
953 134
352 698
641 402
833 212
532 70
150 77
564 423
726 702
515 201
637 37
18 64
781 828
811 915
265 972
13 106
984 623
321 249
224 331
604 269
799 818
242 461
663 224
278 812
632 379
917 822
694 919
223 240
839 929
869 487
484 480
737 993
589 274
171 250
258 52
45 415
101 864
49 976
643 636
88 437
1 53
554 879
124 113
125 504
299 334
330 459
452 174
672 607
296 476
567 606
763 585
423 780
220 991
717 884
954 759
446 972
851 492
965 638
368 53
958 914
633 262
951 643
450 235
101 932
664 186
964 617
554 671
371 437
493 876
690 736
374 803
742 543
121 562
678 434
173 940
20 981
488 96
896 885
172 705
382 103
978 58
99 200
346 267
430 172
424 597
581 610
143 732
783 652
357 662
43 750
635 752
409 341
847 310
20 802
969 521
726 221
33 792
807 660
37 543
634 744
891 906
339 624
820 826
59 903
504 256
139 981
935 654
731 81
771 603
314 455
295 166
646 76
743 963
684 495
248 490
438 84
376 772
846 200
862 934
51 3
688 670
350 535
601 886
919 228
295 253
907 606
656 922
111 15
748 797
399 216
564 572
621 260
882 459
62 105
98 199
865 426
767 410
999 500
439 99
231 164
650 365
965 723
201 515
25 113
96 696
778 375
49 976
308 809
814 152
550 498
764 789
662 207
541 293
220 991
854 203
948 816
751 237
41 127
612 101
235 450
981 20
553 296
471 986
398 352
817 746
270 719
330 574
499 440
264 775
234 192
827 907
187 524
939 609
206 226
518 815
717 884
43 54
383 432
137 740
325 872
1 230
585 259
385 400
174 452
620 835
245 91
90 233
209 653
668 534
813 270
822 329
913 615
703 640
804 930
148 31
897 456
773 11
742 543
732 605
681 947
692 8
730 645
844 210
986 706
463 533
115 108
727 46
338 416
66 949
436 801
354 195
467 625
769 284
41 340
659 142
53 368
124 113
805 230
248 940
665 185
806 967
894 204
956 523
126 412
457 957
326 866
597 424
299 334
278 812
431 521
421 528
119 544
98 500
750 43
820 826
933 679
935 219
989 466
753 663
59 517
698 352
536 454
49 255
39 38
225 288
260 837
689 634
793 270
688 245
599 987
447 56
19 433
899 952
166 445
910 2
819 393
561 56
958 914
620 564
115 776
70 468
165 574
896 681
128 85
603 771
952 899
641 402
885 896
149 958
958 149
926 355
155 832
236 420
748 797
964 157
69 739
489 385
972 724
127 822
720 547
966 403
978 58
578 425
2 910
929 182
924 655
928 631
249 321
963 205
975 309
420 60
75 720
404 892
878 299
207 662
52 258
840 398
718 626
238 240
922 656
826 786
296 553
61 553
824 806
845 745
849 478
751 796
721 183
356 982
254 432
400 86
510 615
391 790
442 815
41 984
869 487
985 303
604 269
547 354
235 412
309 975
689 10
481 611
325 54
316 769
810 294
638 965
12 106
76 644
445 366
106 12
280 763
286 524
182 508
51 3
547 11
535 814
687 651
980 181
16 892
397 285
834 649
866 215
109 266
168 445
844 690
915 131
944 605
237 356
803 374
494 816
106 13
715 35
749 338
164 231
78 400
642 848
278 142
479 598
438 84
410 767
398 592
971 823
389 511
895 67
170 236
714 675
512 57
767 448
976 364
499 806
843 44
700 414
556 2
13 106
57 793
411 522
852 696
96 489
853 719
716 849
730 942
244 382
548 149
857 738
372 526
428 36
834 552
188 831
509 217
216 843
600 840
581 722
889 461
16 848
33 587
986 815
941 888
28 963
105 141
43 983
117 296
396 57
23 614
77 150
60 496
677 441
861 722
83 979
264 148
605 944
109 184
194 239
633 262
739 69
535 694
405 492
98 776
670 688
334 299
232 507
69 680
791 993
619 965
173 940
824 47
511 753
230 1
113 25
162 950
495 684
815 442
521 969
168 179
591 369
503 138
346 309
571 687
578 43
349 829
711 600
352 398
657 923
791 905
416 85
474 872
356 342
585 763
56 561
831 719
730 550
987 599
504 256
364 533
645 328
261 592
691 238
685 104
172 529
590 679
464 312
657 260
945 85
312 203
765 782
581 610
730 304
802 20
565 735
860 17
470 873
808 440
895 855
195 354
672 607
589 274
955 866
651 291
468 70
825 881
532 70
441 65
89 12
107 448
6 679
33 92
452 923
812 278
977 527
607 618
584 910
78 692
280 369
461 889
970 258
868 909
367 594
203 176
192 15
521 431
541 669
759 954
35 715
640 703
184 469
419 713
707 480
46 727
95 590
326 485
418 927
300 497
115 881
80 96
71 407
8 527
231 473
189 558
560 768
448 107
729 709
600 718
745 620
28 535
829 245
449 159
956 23
511 389
281 30
40 342
12 89
192 234
169 81
381 904
481 491
218 74
775 264
482 258
148 264
411 464
27 912
231 329
505 286
504 125
752 668
241 813
30 453
348 243
254 271
151 517
745 704
936 591
947 662
443 169
756 167
662 357
32 367
912 477
845 213
460 619
11 547
158 462
110 72
844 676
846 200
782 765
224 331
125 504
224 663
656 598
788 673
731 652
502 26
134 297
603 59
76 646
690 736
134 953
208 209
961 845
764 363
821 322
19 316
30 281
511 417
166 695
302 84
858 639
133 765
122 298
226 206
478 849
907 534
138 503
538 442
684 495
312 464
500 98
514 363
234 502
816 948
817 293
299 878
96 114
815 518
91 125
935 654
361 766
300 960
150 131
793 57
639 867
857 900
434 678
26 502
475 166
980 569
186 664
239 194
141 105
986 471
601 608
106 290
400 385
729 622
313 866
153 683
169 150
719 270
79 26
422 640
907 198
866 843
411 986
970 535
576 990
628 56
754 880
681 458
525 163
786 530
575 823
574 330
487 869
243 879
692 78
805 462
108 115
605 732
832 222
54 388
113 692
288 322
713 419
145 191
453 30
766 361
448 767
673 381
796 751
626 508
269 625
243 348
150 409
257 554
205 963
595 270
600 711
761 819
23 956
515 201
399 216
192 418
375 778
709 729
473 231
455 451
519 5
879 554
169 370
550 730
374 897
343 364
435 338
122 519
97 311
953 134
2 556
8 692
515 822
989 520
726 221
995 800
632 355
740 137
919 694
294 810
537 601
219 298
877 880
991 596
743 963
731 81
238 691
393 819
551 298
368 53
101 864
637 37
874 576
269 322
402 272
64 18
307 487
806 299
682 835
85 283
187 577
782 856
22 833
321 25
564 572
44 843
654 935
671 554
973 900
771 603
459 330
534 668
622 82
135 349
575 586
520 989
272 997
823 575
164 536
529 172
562 680
591 936
818 799
854 268
306 445
618 607
87 120
512 795
20 29
559 793
96 488
131 915
424 597
451 819
259 585
417 511
297 292
145 236
772 547
395 552
653 369
76 755
91 434
445 168
647 183
905 465
180 365
827 136
405 104
533 364
864 101
128 563
328 645
966 940
85 945
910 584
477 912
833 22
601 537
420 236
425 578
959 486
709 872
915 850
287 163
615 913
943 757
935 108
92 33
508 182
186 254
949 66
769 316
202 194
298 551
319 101
198 907
36 428
102 304
104 405
588 57
848 968
369 653
157 951
960 82
380 796
23 332
680 943
394 797
282 483
86 400
856 782
302 568
183 647
502 234
781 828
322 821
899 574
816 494
359 724
640 422
513 845
543 742
213 845
272 402
814 535
161 456
571 401
317 141
42 417
839 929
809 308
424 453
63 866
999 624
469 184
619 460
170 741
875 506
332 23
624 999
244 991
184 109
254 186
398 1000
725 595
718 54
676 844
338 435
50 104
274 589
36 801
934 561
445 166
10 689
841 307
547 772
452 174
268 854
763 585
617 964
894 150
279 894
21 429
850 915
656 922
989 326
47 824
490 248
822 515
843 216
462 805
819 451
313 73
3 51
444 8
130 413
296 476
47 768
898 329
696 96
768 870
564 620
340 41
168 620
446 3
111 15
726 702
498 550
323 398
537 573
919 228
996 380
265 972
920 400
364 343
181 55
658 614
15 192
153 227
993 737
969 521
48 568
616 133
320 274
940 173
800 995
719 421
412 247
679 590
196 76
294 582
960 300
35 966
548 262
33 196
747 149
530 786
506 875
931 776
197 212
81 169
356 237
909 321
289 496
997 272
700 124
164 136
442 538
172 705
258 482
620 168
488 96
849 900
365 650
84 438
849 645
412 235
599 649
85 128
214 706
209 208
839 373
187 821
346 267
180 509
381 673
426 980
745 640
403 966
145 179
881 115
166 475
853 279
833 212
303 14
893 167
824 354
641 147
942 730
153 151
141 317
689 275
851 492
535 350
157 232
901 699
794 107
378 284
1 120
573 537
981 139
926 974
309 346
883 519
88 437
934 862
460 787
457 806
242 461
354 547
562 529
614 23
440 808
722 462
788 303
440 499
580 57
456 161
157 964
392 867
518 675
797 874
829 349
880 349
314 455
274 320
480 484
68 394
821 187
101 932
884 818
142 278
863 713
722 581
62 105
760 819
708 666
923 657
881 825
876 493
692 568
994 487
874 797
886 601
133 616
351 141
668 752
810 100
136 441
891 955
592 421
816 998
251 442
785 662
587 33
801 627
822 917
834 898
416 338
382 244
900 849
114 96
625 269
545 787
840 600
784 193
568 48
147 641
719 374
88 71
887 749
456 897
675 714
444 630
574 899
138 562
980 426
645 89
613 37
32 333
284 665
880 382
308 908
837 387
267 146
955 891
823 728
465 681
398 323
496 132
84 302
767 410
840 667
723 965
127 41
947 874
409 341
252 7
349 316
662 947
123 129
929 839
945 518
26 79
200 846
57 580
568 163
129 16
897 374
688 670
309 901
672 729
524 187
219 935
594 367
848 16
651 687
793 559
772 29
653 151
89 645
236 101
159 367
660 807
103 382
694 535
752 635
720 75
729 233
150 77
285 397
322 269
299 806
540 536
949 977
680 562
197 104
939 93
409 150
536 164
954 75
649 599
101 612
528 421
546 202
37 637
316 19
979 83
535 28
72 238
423 564
227 153
8 444
355 926
906 891
288 225
627 801
729 672
951 157
175 367
219 747
598 479
196 33
790 391
351 305
14 303
465 905
974 555
11 719
1000
898 671
755 629
434 22
820 27
438 964
132 921
70 475
167 318
111 227
716 833
573 524
527 817
707 272
320 755
557 14
642 952
87 825
140 516
379 799
172 448
167 499
15 673
805 499
786 399
337 530
748 767
694 679
833 969
401 932
961 51
316 504
222 172
869 37
298 889
148 259
463 188
905 427
341 584
388 885
272 638
675 131
464 443
15 28
391 448
159 945
973 537
603 59
519 854
658 875
556 461
822 753
751 510
35 230
296 869
867 306
947 212
708 478
88 638
320 395
249 925
317 145
319 437
651 409
684 887
512 316
962 959
415 33
267 38
829 387
432 216
171 960
371 407
623 908
476 23
986 532
583 16
491 419
124 967
859 169
150 797
151 927
789 167
65 36
68 36
615 434
163 26
291 634
686 937
425 388
676 70
316 80
978 809
481 368
166 880
155 643
892 50
629 276
779 149
379 640
561 416
362 260
203 522
627 701
326 801
820 22
897 507
278 974
201 865
792 878
803 983
59 927
397 245
900 931
510 281
670 15
858 795
349 400
575 744
347 658
258 999
639 674
546 231
241 622
884 751
223 727
638 28
147 94
284 255
371 332
142 220
720 737
79 732
304 278
455 740
852 706
338 356
298 553
64 849
459 656
387 955
158 627
508 591
884 759
518 735
643 176
473 693
259 100
984 611
563 254
332 494
949 212
471 223
325 930
673 257
894 605
703 101
806 48
839 889
845 882
773 36
946 614
489 124
654 978
742 577
215 392
276 879
166 793
328 16
673 197
415 167
266 284
598 750
206 8
341 497
782 192
608 921
234 558
581 586
921 298
648 605
235 645
825 518
311 471
117 319
637 802
329 548
13 277
355 165
270 745
33 991
160 359
47 747
274 641
677 621
381 236
518 607
303 252
643 876
785 560
390 549
865 370
807 879
89 104
91 730
734 974
624 532
378 113
706 396
178 133
225 71
521 841
1 255
163 166
88 111
987 267
115 289
189 883
362 56
45 286
984 941
166 236
308 518
364 181
842 747
203 724
330 896
5 111
503 54
80 449
234 505
621 952
669 723
850 968
97 455
721 933
904 719
71 117
155 167
638 412
838 392
100 909
439 398
553 272
906 210
317 999
976 689
551 184
379 435
551 358
932 381
77 456
741 967
896 752
232 998
953 412
718 387
709 737
64 835
726 668
202 813
858 575
26 295
354 858
30 250
476 103
259 137
194 196
599 893
17 621
200 588
243 439
274 565
558 887
429 566
883 233
509 591
855 609
105 492
613 878
236 342
746 225
535 923
383 27
132 418
595 780
661 207
790 637
771 621
535 991
919 263
224 849
765 934
629 222
284 23
256 980
319 129
311 542
327 219
724 651
270 268
133 950
93 553
818 852
760 739
937 249
645 463
829 147
729 108
979 308
283 816
331 181
70 139
877 438
971 226
642 887
252 829
487 434
979 794
733 46
737 800
299 829
279 244
715 183
929 256
121 630
398 567
415 855
577 74
451 63
515 655
103 492
887 308
625 56
388 608
633 946
614 394
806 820
526 328
784 774
533 586
79 617
357 901
675 500
921 232
506 107
632 762
533 924
717 970
707 480
690 109
925 512
944 635
688 965
824 75
111 150
430 779
70 566
401 400
455 548
597 852
513 721
728 27
364 765
312 781
470 299
420 688
777 896
582 763
187 192
463 43
541 361
555 505
892 606
953 162
859 957
989 695
303 770
957 59
146 314
151 959
713 104
946 513
350 347
664 952
374 942
531 938
323 278
956 502
636 856
613 411
936 409
417 231
295 52
535 872
545 432
931 935
820 23
452 568
811 536
807 556
185 605
778 671
898 846
50 98
43 212
102 665
205 919
961 758
782 665
628 69
752 297
762 390
768 952
427 894
976 15
569 694
333 279
718 74
337 992
244 83
379 451
315 782
482 328
654 155
414 528
558 135
967 483
886 2
59 892
462 186
477 809
152 78
57 4
158 219
361 532
650 899
266 508
252 169
928 434
575 134
790 562
84 264
974 817
822 973
375 618
573 900
602 524
51 164
717 930
898 475
704 874
852 577
563 463
465 930
829 135
221 160
326 509
831 230
670 224
43 982
988 786
952 372
392 186
235 969
905 627
746 393
376 890
786 797
363 140
962 570
587 694
566 536
606 643
485 171
606 938
891 654
160 868
720 771
198 994
86 132
446 894
520 813
341 288
228 20
992 440
777 7
396 14
935 819
384 399
566 357
424 891
397 705
308 312
68 205
326 357
986 299
288 792
625 690
860 560
540 989
506 988
392 515
446 250
256 21
271 744
623 604
529 79
90 712
188 571
339 137
874 181
191 354
589 65
585 929
751 103
693 121
216 494
830 241
732 69
161 50
74 936
743 308
254 369
799 425
616 764
354 336
163 594
405 972
695 704
250 115
663 245
127 184
147 71
493 321
767 238
306 769
298 278
176 703
184 314
325 973
601 4
753 482
874 192
524 253
459 823
234 488
288 8
650 925
900 547
741 277
748 386
110 435
474 483
142 8
634 714
214 450
48 293
432 577
184 54
118 784
468 221
522 274
98 779
37 522
692 1000
273 250
374 765
190 69
67 707
832 717
296 242
879 22
768 683
694 313
702 535
404 202
942 541
167 338
700 40
20 614
203 166
624 398
544 651
290 782
205 716
718 288
231 684
188 361
599 963
335 120
836 377
7 42
192 423
175 704
71 671
911 535
131 311
435 371
439 328
385 698
165 169
222 153
183 325
845 53
883 382
86 616
2 100
236 237
425 273
543 567
11 383
525 669
25 533
240 153
516 272
512 105
375 584
210 766
856 589
276 795
357 784
612 973
691 341
620 144
623 398
225 262
995 559
27 112
550 637
328 600
5 481
105 31
946 313
603 137
103 586
611 216
870 624
438 240
10 3
105 377
104 931
179 432
994 96
347 976
56 884
532 69
87 713
847 24
342 838
255 483
2 860
270 311
392 729
913 685
246 197
881 685
997 542
11 292
565 599
300 771
574 998
441 824
118 754
419 897
440 225
887 229
256 446
523 937
214 524
208 517
522 902
95 633
504 917
634 941
997 865
16 6
567 945
244 720
646 537
943 505
418 358
107 721
950 310
59 376
2 287
542 555
787 846
8 72
187 35
455 908
739 274
667 65
921 199
176 431
447 150
319 814
360 23
255 630
478 942
906 785
999 71
760 160
404 393
515 238
247 858
113 970
278 711
452 46
128 790
824 17
521 229
410 844
677 862
935 38
346 396
562 142
196 167
237 666
830 749
579 960
702 373
157 44
341 46
888 529
19 464
164 186
73 965
512 467
519 94
189 873
445 708
123 856
453 658
426 115
750 149
317 385
491 559
404 552
885 122
753 90
280 906
312 60
913 882
772 136
799 171
537 950
796 975
420 8
895 405
209 57
180 87
251 835
601 200
385 416
340 692
752 314
762 892
114 972
830 133
596 593
468 49
408 76
639 345
825 106
660 418
448 116
572 410
170 606
218 906
203 182
661 379
517 22
736 186
442 163
727 138
726 213
983 678
902 18
423 125
114 398
644 733
276 211
657 9
60 490
853 497
534 912
794 389
653 861
722 162
305 328
265 63
997 816
315 136
922 16
672 496
708 682
471 866
546 39
183 564
402 948
306 944
323 479
804 881
408 157
639 875
331 821
76 22
850 91
845 91
119 445
609 226
768 559
783 40
423 840
81 576
29 117
343 742
226 493
92 439
487 53
842 548
430 173
834 126
442 495
12 461
45 114
382 359
90 366
979 156
456 630
696 228
699 232
996 525
602 469
710 6
212 761
959 24
402 340
941 144
665 939
126 945
588 812
912 123
653 221
527 719
40 784
554 868
183 204
294 391
124 460
11 678
615 282
681 998
672 245
950 99
130 627
414 361
626 104
969 808
918 744
32 588
260 245
671 726
228 669
708 58
914 494
628 757
7 84
332 261
380 714
601 685
916 23
592 596
527 41
248 654
662 730
791 472
594 944
134 55
7 34
893 285
788 586
791 500
582 168
510 10
915 62
975 267
165 871
798 340
422 718
479 580
993 750
177 795
833 780
91 406
657 987
411 301
956 753
638 85
340 153
756 872
154 399
362 444
239 803
375 985
436 842
307 851
352 446
96 4
960 631
353 788
904 649
68 193
19 50
514 699
221 863
937 725
592 360
55 864
954 335
348 48
605 857
245 851
717 848
305 322
269 425
179 143
199 457
351 87
233 827
619 447
958 24
302 54
950 763
76 731
458 196
433 150
822 837
346 410
1 486
454 57
659 672
117 810
939 421
625 66
926 128
444 910
278 62
576 665
671 539
590 557
141 291
217 131
656 298
509 403
970 498
57 828
981 633
965 324
466 343
919 344
394 78
113 647
195 25
120 731
309 546
28 61
990 857
407 538
428 386
501 558
931 610
511 693
826 311
728 367
5 966
184 484
380 951
572 275
82 163
738 441
903 673
365 822
97 977
143 334
170 940
413 963
920 493
652 883
357 687
291 775
776 867
896 578
843 195
243 907
815 100
470 174
697 764
504 680
999 500
231 546
549 390
961 51
849 224
271 744
288 792
456 77
873 189
45 114
166 236
487 434
245 851
587 694
332 261
994 96
972 114
100 259
472 791
46 341
362 260
629 276
103 586
338 167
446 250
646 537
316 80
432 545
470 174
974 278
398 624
784 357
559 995
14 557
780 833
604 623
255 284
685 881
910 444
942 374
577 74
532 624
631 960
518 607
599 963
751 103
272 638
7 42
782 315
434 22
76 22
146 314
784 40
419 491
956 753
805 499
276 795
944 635
99 950
535 911
166 880
862 677
153 340
989 695
114 398
960 579
143 334
639 674
956 502
167 338
757 628
40 700
718 74
878 792
414 528
400 349
48 348
654 248
124 489
134 55
447 150
962 570
557 590
511 693
182 203
695 704
154 399
621 17
375 618
245 663
586 788
537 646
397 705
651 724
69 628
505 234
950 537
432 216
346 396
288 8
671 539
537 950
829 135
448 172
517 22
43 982
163 166
91 850
822 365
438 964
584 375
797 150
941 634
927 59
252 169
562 790
188 463
401 400
276 879
714 634
611 216
386 428
25 533
184 127
973 822
107 721
45 286
68 205
463 563
274 739
300 771
809 978
839 889
233 827
109 690
599 893
111 5
721 933
690 109
114 972
456 630
478 708
820 23
181 874
935 38
226 609
730 91
605 857
203 182
803 983
409 651
177 795
833 780
459 656
875 658
692 340
415 855
225 71
645 235
339 137
626 104
17 824
376 59
930 325
500 791
902 522
250 273
616 764
920 493
315 136
307 851
567 543
311 270
820 22
189 883
866 471
192 874
824 441
360 23
437 319
144 941
433 150
524 573
82 163
435 379
392 215
603 137
640 379
238 515
724 651
149 779
717 848
521 229
835 251
924 533
552 404
694 569
163 82
358 551
937 686
12 461
638 28
614 20
704 175
134 575
396 14
291 775
419 897
46 733
51 961
973 612
170 940
341 288
657 9
16 583
171 485
942 541
566 70
618 375
13 277
948 402
371 407
235 645
766 210
5 966
558 887
162 953
299 829
842 747
11 292
70 676
347 976
394 78
686 937
565 599
756 872
351 87
680 504
502 956
186 392
163 442
690 625
112 27
308 312
481 5
163 26
234 488
868 554
375 985
274 641
523 937
306 944
302 54
452 46
771 720
703 101
455 908
70 139
542 311
788 586
127 184
123 912
167 196
411 613
478 942
984 941
782 192
196 194
379 451
393 404
98 779
532 69
590 557
970 498
575 744
638 412
959 962
969 235
799 171
838 392
665 576
851 307
442 495
321 493
27 383
589 856
192 423
887 642
183 325
532 986
450 214
535 872
512 316
468 221
799 379
656 298
885 122
76 408
508 591
179 432
874 181
295 26
125 423
426 115
664 952
707 67
278 711
104 89
361 188
868 160
4 96
117 319
288 341
577 432
325 183
962 959
50 161
918 744
889 298
968 850
90 366
25 195
505 555
35 230
904 719
23 284
23 476
105 31
103 492
279 333
222 153
295 52
780 595
372 952
138 727
73 965
513 946
624 398
581 586
509 403
362 444
906 210
36 773
682 708
311 471
906 785
975 796
676 70
476 23
630 121
367 728
852 577
623 398
529 79
412 953
699 514
184 314
290 782
56 884
762 632
211 276
22 820
908 455
515 238
398 567
225 746
752 297
673 257
650 925
259 148
512 467
733 46
791 472
71 671
925 512
54 503
108 729
688 965
848 717
370 865
260 245
794 979
350 347
894 427
945 567
931 935
151 959
708 445
959 151
396 706
795 177
105 512
807 556
551 184
550 637
9 657
431 176
30 250
313 946
748 767
216 494
461 12
248 654
694 679
115 250
133 830
874 192
360 592
599 565
416 561
155 167
721 107
494 914
352 446
140 363
967 124
803 239
842 436
427 905
735 518
133 178
531 938
381 236
577 852
729 392
81 576
522 274
937 249
569 694
150 433
132 921
651 409
932 381
494 216
846 898
741 277
209 57
11 678
446 894
181 364
605 185
830 133
622 241
117 29
926 128
695 989
739 760
280 906
615 282
232 998
881 685
859 957
747 842
61 28
969 808
392 515
57 828
567 398
57 454
17 621
64 835
508 266
563 463
570 962
579 960
648 605
855 415
439 398
880 166
59 603
919 344
361 414
71 225
731 120
705 397
900 931
328 526
884 751
875 639
548 455
398 114
965 73
903 673
395 320
120 731
102 665
320 395
993 750
944 306
203 724
111 88
83 244
167 415
822 753
784 118
335 120
548 329
545 432
534 912
582 168
978 654
447 619
953 412
274 522
79 732
675 500
558 501
533 924
812 588
559 768
236 166
257 673
206 8
543 567
921 199
528 414
836 377
995 559
669 723
95 633
208 517
755 320
684 231
639 345
712 90
240 153
429 566
440 992
678 11
905 427
997 542
983 678
87 180
492 103
111 227
863 221
957 59
330 896
824 75
936 409
624 870
157 44
788 353
937 725
80 449
533 25
232 699
121 693
24 847
798 340
945 159
216 611
707 272
436 842
644 733
786 797
860 560
497 341
296 242
385 317
91 406
299 986
840 423
298 656
718 387
573 524
707 480
751 884
440 225
54 302
176 431
106 825
872 535
582 763
415 167
986 532
628 757
84 264
230 831
638 88
954 335
833 716
853 497
40 784
628 69
100 909
882 913
364 765
526 328
687 357
298 889
267 38
802 637
345 639
101 703
418 358
708 478
941 984
254 563
207 661
191 354
611 984
625 56
896 777
734 974
921 608
624 532
671 898
169 859
896 578
970 717
822 973
491 419
634 941
310 950
361 532
379 661
107 506
152 78
165 169
128 790
219 327
997 816
110 435
21 256
829 252
675 131
357 784
205 68
415 33
385 416
116 448
272 707
241 622
555 505
57 209
696 228
357 566
655 515
303 252
778 671
960 631
825 106
23 916
204 183
718 422
773 36
874 704
38 267
684 887
189 873
544 651
111 150
602 524
387 955
946 633
921 132
383 27
504 316
387 718
751 510
795 276
609 226
597 852
529 888
357 901
897 507
59 376
871 165
70 566
186 462
78 394
190 69
605 648
15 28
405 972
247 858
627 158
745 270
754 118
818 852
263 919
931 900
829 387
441 824
232 921
825 87
515 392
63 451
510 751
589 65
476 103
223 471
173 430
765 374
471 311
163 594
721 513
492 105
412 638
43 212
392 729
743 308
560 785
966 5
649 904
793 166
364 181
164 51
792 288
850 968
971 226
670 15
113 647
218 906
815 100
384 399
311 826
269 425
294 391
451 379
366 90
723 669
673 15
914 494
975 267
392 186
600 328
236 237
259 100
572 410
512 105
779 149
888 529
237 236
753 482
90 712
167 789
708 682
674 639
382 359
934 765
946 313
890 376
838 342
562 142
187 192
105 492
790 637
179 143
516 272
764 616
172 222
530 337
151 927
967 741
510 10
96 4
592 360
361 541
160 760
322 305
493 321
308 743
357 326
228 696
278 304
475 898
100 2
983 803
816 997
236 342
887 684
202 404
308 518
104 626
887 229
1 486
74 718
909 100
117 71
16 6
160 221
750 993
571 188
387 829
424 891
643 606
214 524
288 718
689 976
999 258
859 169
60 312
166 793
205 716
654 891
828 57
89 104
229 887
727 138
328 482
919 263
645 463
275 572
158 627
486 1
114 45
423 192
234 505
94 147
32 588
171 799
124 967
153 240
133 950
771 621
198 994
466 343
892 762
78 152
376 890
779 98
817 527
235 969
14 396
237 666
459 823
586 103
713 87
630 255
586 581
398 439
588 200
714 380
422 718
346 410
759 884
883 233
535 991
27 820
87 351
558 234
708 58
113 970
19 50
525 669
900 547
692 1000
856 589
50 98
829 147
130 627
867 306
957 859
284 23
298 921
633 946
950 133
313 694
123 856
693 121
169 165
741 967
633 981
357 687
401 932
998 232
219 158
643 155
537 973
467 512
406 91
244 83
166 203
731 76
23 820
70 475
23 360
777 7
768 952
326 509
596 593
240 438
500 675
952 768
272 553
445 708
483 474
580 479
532 361
542 555
171 960
10 510
717 832
603 59
750 598
629 755
347 658
700 40
186 164
746 225
68 36
402 340
488 234
175 704
91 845
375 584
399 384
283 816
857 605
992 337
243 439
869 296
276 211
762 892
768 559
786 399
576 81
813 202
242 296
665 102
58 708
514 699
503 54
505 943
88 111
8 142
256 21
578 896
770 303
336 354
425 269
506 988
834 126
717 930
453 658
153 222
443 464
633 95
97 977
356 338
104 931
539 671
72 8
517 208
342 838
442 163
266 284
610 931
585 929
186 736
800 737
912 123
435 371
841 521
132 418
806 48
193 68
368 481
657 987
991 535
615 434
24 958
147 71
332 494
451 63
789 167
74 577
736 186
845 882
898 671
524 253
479 323
188 571
228 669
380 951
869 37
340 692
732 69
978 809
463 43
46 452
62 915
555 542
762 390
267 987
93 553
340 798
15 673
638 85
265 63
149 750
380 714
566 536
504 680
404 393
952 621
575 134
746 393
1000
813 222
293 271
273 153
224 520
613 539
402 788
102 846
170 850
665 354
135 746
284 372
904 595
513 850
178 277
807 832
678 191
32 118
297 474
771 311
674 412
972 540
575 214
671 23
232 286
961 281
490 982
551 44
741 475
141 329
183 95
384 507
39 775
365 938
243 190
944 610
10 208
165 753
690 200
138 237
100 579
195 755
811 570
237 41
57 260
507 373
930 153
573 491
342 824
731 843
267 418
183 809
201 357
200 851
724 18
360 463
366 911
703 170
234 406
269 898
338 44
380 285
42 27
627 271
467 809
293 456
385 774
432 436
46 658
30 769
20 373
63 429
382 348
293 157
536 219
471 607
922 453
887 545
226 238
748 55
7 210
720 473
78 459
155 611
273 199
126 828
803 487
913 271
853 713
286 700
908 439
595 400
832 223
620 345
279 73
191 756
128 323
478 343
249 424
576 142
738 132
264 442
167 938
941 501
842 663
841 128
246 316
106 806
981 384
475 398
659 516
508 740
904 917
950 400
146 813
928 918
297 962
397 629
282 765
99 488
637 901
174 192
334 874
939 112
279 802
221 719
293 87
315 513
327 407
224 686
842 634
82 874
567 840
996 572
11 857
540 263
830 435
965 932
949 423
854 198
176 332
865 196
293 130
685 570
515 561
349 657
56 856
678 826
699 390
605 695
578 836
983 138
366 625
607 388
994 221
75 536
695 118
423 29
339 342
409 56
646 387
771 463
220 966
69 959
949 644
48 599
24 112
332 914
419 647
314 425
653 339
11 647
101 553
8 331
832 530
631 465
839 61
996 506
526 572
237 431
766 459
574 474
988 900
147 318
103 94
889 202
942 97
5 233
544 195
458 949
467 214
896 711
446 416
295 705
630 986
480 780
413 218
893 970
630 673
565 966
74 621
425 175
294 511
697 713
930 614
959 659
52 859
466 105
411 627
413 340
493 817
494 470
802 961
663 815
462 525
16 122
442 284
491 376
188 70
791 68
770 777
454 173
571 864
479 800
439 527
93 91
722 432
149 611
85 72
68 607
884 754
230 99
41 683
768 854
472 733
568 363
737 77
312 564
657 925
846 643
177 234
671 599
733 383
855 325
346 468
353 39
943 927
94 523
647 767
618 108
787 831
622 73
651 487
237 26
464 833
681 278
467 367
375 982
427 723
966 824
627 709
620 501
985 104
610 867
345 445
299 804
976 463
104 741
249 134
479 224
299 637
544 498
705 139
598 894
329 445
860 120
334 930
78 298
222 246
59 75
484 872
882 659
591 28
978 233
873 401
8 149
433 372
828 6
242 260
188 549
146 140
176 448
115 964
597 536
485 23
971 500
106 678
319 403
985 516
449 757
884 353
398 851
538 536
175 339
821 528
625 973
860 446
827 777
923 465
107 214
567 757
49 36
242 25
450 348
381 217
135 642
120 237
403 554
164 96
880 736
658 697
691 350
769 781
76 386
765 691
767 77
314 527
413 325
109 64
884 36
539 962
658 743
231 69
422 896
449 724
656 965
258 798
756 414
105 960
11 539
649 178
681 468
40 309
888 438
921 724
332 373
451 88
221 332
112 329
848 455
8 620
318 266
891 176
67 63
610 96
840 676
935 460
602 554
128 8
593 960
768 459
50 382
934 657
501 210
820 906
671 982
505 993
402 352
247 38
816 784
878 188
476 606
335 27
809 450
762 711
464 841
169 127
230 663
923 959
4 400
962 407
813 589
732 986
964 693
774 495
20 602
76 700
949 408
330 126
110 721
511 442
333 203
212 183
185 120
826 521
745 238
417 664
913 205
474 151
476 59
742 990
637 355
956 632
637 834
399 117
17 953
446 753
905 46
114 499
745 186
43 576
300 52
436 805
540 405
346 576
995 690
249 920
149 589
463 864
692 500
254 721
106 897
63 797
939 616
266 516
993 108
391 114
101 50
616 431
93 885
596 990
704 120
798 799
923 735
107 805
440 87
432 592
546 601
562 532
27 203
348 105
758 30
749 729
773 441
311 613
499 221
432 304
483 535
789 610
336 761
658 918
315 746
180 44
432 529
904 576
401 406
808 186
946 25
637 532
515 608
832 7
393 877
639 782
389 630
134 977
451 852
164 259
772 805
794 197
637 74
55 785
958 641
983 511
155 235
575 635
655 7
411 629
876 78
240 88
836 541
930 60
876 623
551 885
587 1000
50 361
495 587
153 645
32 260
968 409
284 910
972 743
633 367
944 192
462 47
843 143
882 621
272 20
747 498
173 738
513 372
189 194
936 52
46 838
697 448
507 806
530 714
995 87
66 495
736 887
254 64
297 434
822 933
320 840
776 381
261 164
452 304
105 471
887 285
988 619
825 676
160 393
606 373
996 19
753 943
26 250
420 714
152 169
777 245
107 552
692 705
95 747
86 708
152 616
44 215
365 20
134 128
384 967
353 321
663 3
310 519
294 241
584 396
898 669
154 205
375 269
278 957
84 133
87 152
170 998
264 713
776 946
82 748
618 169
258 341
117 744
1 487
724 981
451 270
95 540
840 62
694 373
598 513
746 788
725 437
277 679
130 243
597 892
36 249
262 208
514 329
757 121
387 1000
349 816
366 454
85 381
787 767
371 205
274 85
509 474
397 630
60 539
839 189
787 801
688 9
83 506
862 640
961 160
451 515
458 298
495 422
965 759
747 1000
560 992
991 956
171 483
629 435
659 58
339 943
297 914
117 489
352 85
867 889
617 337
205 159
380 745
686 164
821 662
564 603
667 419
944 49
599 646
997 959
90 797
684 598
500 992
502 973
907 402
329 67
156 801
518 186
674 257
623 558
841 309
307 926
949 982
566 492
531 623
288 877
390 807
502 340
785 124
219 689
109 201
131 151
256 425
546 524
204 996
772 770
126 365
417 679
130 604
799 635
383 771
243 247
615 158
362 195
336 437
501 744
156 322
638 170
43 487
853 123
987 937
832 497
631 900
713 410
594 940
157 203
125 697
90 991
642 609
817 407
275 870
437 604
208 947
937 563
151 484
937 826
953 755
226 134
393 493
486 343
879 568
894 4
581 217
211 45
33 920
648 30
354 491
650 49
924 984
338 710
819 689
131 35
328 821
797 818
779 426
512 363
549 848
580 651
488 47
302 168
916 643
451 990
918 823
674 974
971 441
567 427
999 797
705 577
537 236
896 5
173 854
369 280
729 651
866 259
252 864
71 764
655 888
153 657
97 4
608 372
11 984
291 552
779 335
751 432
509 357
189 869
30 886
522 535
235 926
374 676
868 287
778 235
268 732
7 478
450 909
111 446
992 277
578 222
793 144
90 550
1 100
181 606
932 413
402 444
301 624
585 767
315 726
98 269
553 790
767 795
562 277
633 122
483 453
551 84
229 662
920 996
702 231
96 392
595 180
969 21
977 693
166 198
177 41
376 640
106 280
895 616
800 13
800 815
44 810
911 782
481 895
305 294
517 238
205 811
31 44
485 624
960 665
137 79
716 166
232 676
388 15
556 102
763 623
947 409
899 323
275 229
42 794
783 802
302 534
903 708
358 387
166 792
251 495
829 24
706 829
662 942
100 236
524 864
502 677
479 289
207 401
969 723
35 858
836 717
698 583
262 442
227 870
84 707
634 687
286 51
678 523
519 256
568 95
58 71
319 194
492 173
986 728
769 817
843 801
300 80
161 768
956 569
148 518
825 881
868 321
416 556
469 442
889 162
487 145
989 566
929 617
975 310
239 872
760 161
933 785
389 752
462 865
359 433
849 123
203 12
712 727
374 171
79 209
239 979
591 691
460 733
952 912
335 533
471 394
167 740
969 302
909 179
898 430
621 412
457 935
447 181
555 699
187 122
122 712
368 575
659 206
947 883
715 802
365 730
734 618
484 670
379 152
113 960
864 317
203 347
186 948
429 136
115 188
296 396
688 777
548 101
997 720
251 81
432 668
549 193
100 313
859 926
234 34
530 582
292 531
672 357
58 915
49 248
26 812
654 719
418 873
959 557
295 682
955 574
750 659
958 874
963 198
939 216
569 253
888 428
954 853
54 277
866 244
28 329
297 470
45 962
309 477
630 116
680 229
980 312
677 158
105 163
150 256
144 443
909 129
336 586
408 480
6 276
119 810
574 265
587 906
324 706
718 159
889 940
660 254
708 940
861 527
542 177
330 89
719 951
225 187
922 344
384 793
600 303
814 457
364 214
423 675
509 2
786 813
617 724
207 283
209 279
421 730
863 128
651 590
65 740
234 404
537 172
14 843
853 482
695 182
404 37
755 547
92 535
326 431
303 446
76 970
153 835
440 661
911 228
356 667
701 258
425 583
845 380
919 591
628 793
213 928
306 222
505 312
473 847
912 466
299 378
588 349
981 543
308 50
875 369
518 395
290 400
652 966
612 24
676 351
415 445
584 429
902 908
559 1000
309 496
645 931
844 262
965 739
53 6
871 705
890 181
497 636
504 456
920 503
796 924
128 184
330 255
833 837
103 22
513 945
666 5
370 972
1 696
626 124
377 187
162 461
603 510
999 500
339 342
293 130
536 219
248 49
695 605
60 930
865 462
39 353
970 76
463 864
319 403
294 241
610 867
667 419
44 338
58 915
276 6
112 24
888 428
926 235
100 1
254 660
740 65
96 164
569 253
923 959
139 705
537 236
777 770
736 887
198 963
633 367
528 821
678 523
902 908
923 465
956 632
656 965
997 959
450 348
265 574
598 513
918 928
620 8
706 324
297 470
655 888
78 876
782 639
402 352
302 168
841 309
413 932
793 628
693 964
425 314
260 242
892 597
297 474
106 678
526 572
363 512
481 895
1 696
734 618
740 508
860 446
312 505
286 51
247 38
507 806
278 957
621 412
414 756
314 527
30 648
592 432
759 965
297 434
775 39
697 713
152 169
155 235
103 22
106 897
469 442
801 787
921 724
495 587
856 56
214 107
492 566
76 386
801 156
707 84
541 836
256 519
576 142
461 162
441 971
390 699
1000 387
936 52
163 105
896 422
728 986
395 518
932 413
770 777
705 139
509 474
546 601
329 141
120 860
262 208
433 359
597 892
354 665
608 372
194 189
519 256
224 686
630 116
59 75
626 124
699 390
50 361
674 257
382 50
556 102
369 875
540 972
173 454
516 985
769 817
977 693
797 63
610 96
719 654
234 404
44 215
611 149
235 155
429 63
738 132
412 674
741 104
332 221
724 921
670 484
231 702
425 175
335 27
930 334
350 691
943 339
471 105
77 767
598 684
117 744
730 421
865 196
627 709
783 802
824 342
304 432
181 606
747 498
962 297
578 836
498 544
100 236
183 809
973 625
271 913
285 380
624 301
128 863
413 218
606 181
713 410
650 49
572 996
513 850
400 595
828 126
935 457
839 61
204 996
353 321
24 612
191 678
617 337
965 932
329 445
318 266
321 868
705 871
222 813
300 80
166 716
767 795
984 11
63 429
919 591
201 109
217 381
105 466
690 995
871 705
400 4
599 48
346 576
242 25
825 881
149 611
995 87
658 697
720 473
623 876
826 521
867 889
308 50
954 853
767 787
817 407
941 501
384 967
110 721
890 181
387 646
230 99
961 802
497 636
243 130
643 916
105 471
270 451
97 4
96 610
138 983
342 824
153 930
699 555
576 904
309 496
137 79
587 495
570 811
574 955
895 481
635 799
68 791
777 245
552 291
761 336
68 607
597 536
155 611
104 985
305 294
477 309
315 726
889 940
453 483
45 962
407 327
57 260
420 714
961 281
549 188
195 755
651 590
190 243
725 437
203 12
832 497
793 144
380 285
272 20
787 831
89 330
35 131
964 693
105 163
925 657
756 414
6 828
180 595
329 67
659 58
802 783
102 846
573 491
767 77
779 335
566 989
134 128
238 517
715 802
869 189
140 146
152 379
971 441
500 971
476 606
478 343
802 279
695 182
563 937
323 899
675 423
471 607
99 230
58 659
415 445
1 100
309 841
56 856
307 926
947 409
677 158
805 107
87 995
200 690
780 480
581 217
29 423
676 232
373 606
724 449
27 203
476 59
661 440
130 293
994 221
364 214
922 453
117 399
88 451
23 485
235 778
993 108
694 373
663 230
376 640
164 261
76 970
851 200
799 635
495 66
733 460
281 961
473 720
520 224
47 488
564 312
156 322
811 205
742 990
188 549
562 532
198 166
746 315
758 30
18 724
103 94
546 524
451 515
423 29
617 724
114 391
710 338
937 987
751 432
631 900
744 117
460 733
129 909
896 5
788 746
288 877
290 400
219 536
986 728
671 982
966 652
809 183
657 349
474 509
53 6
889 202
519 310
655 7
128 134
801 843
159 205
213 928
2 509
205 159
175 425
462 525
407 817
335 779
400 290
372 284
607 471
920 996
746 788
933 785
427 567
146 140
19 996
378 299
454 366
192 944
521 826
88 240
495 774
514 329
885 551
716 166
607 388
829 24
327 407
371 205
315 513
179 909
101 553
915 58
24 112
468 681
126 828
352 402
508 740
449 724
816 349
240 88
883 947
685 570
511 442
530 714
446 303
421 730
282 765
842 634
955 574
574 474
990 742
853 482
539 613
784 816
318 147
518 395
877 288
495 422
135 746
911 228
432 668
532 562
87 152
826 678
510 603
969 302
446 753
470 297
637 532
426 779
226 134
144 793
916 643
219 689
457 814
128 323
315 746
295 705
698 583
237 431
838 46
202 889
384 507
259 164
257 674
41 683
90 550
119 810
268 732
591 691
583 698
817 769
649 178
203 157
538 536
898 269
330 126
695 118
836 541
880 736
820 906
996 506
794 42
972 743
992 500
877 393
203 333
14 843
237 120
697 125
773 441
855 325
765 691
156 801
652 966
723 427
390 807
443 144
90 797
404 37
275 229
79 137
864 317
623 763
207 401
317 864
755 547
683 41
134 249
153 645
731 843
341 258
722 432
123 853
693 977
460 935
690 200
379 152
107 214
756 191
396 296
876 78
676 840
611 155
604 130
351 676
609 642
539 11
678 826
630 389
401 207
612 24
222 578
645 931
36 49
923 735
800 13
11 857
134 226
518 148
745 380
843 143
848 549
569 956
234 406
676 374
983 138
157 203
978 233
95 183
85 352
173 738
169 618
940 594
712 122
678 191
293 271
437 725
417 679
372 513
284 372
112 329
203 27
701 258
991 956
362 195
678 106
181 890
572 526
832 530
653 339
445 329
965 759
874 334
348 382
479 224
130 604
672 357
620 501
854 768
812 26
769 30
66 495
940 889
637 74
214 467
463 360
807 832
311 613
853 954
483 535
814 457
533 335
284 910
823 918
388 15
578 222
918 823
603 564
591 28
178 649
442 469
920 249
442 511
11 647
23 671
692 705
152 616
536 75
406 401
669 898
487 1
304 452
494 470
798 799
205 154
32 260
277 679
122 187
702 231
864 571
316 246
233 978
554 602
289 479
909 450
960 665
222 246
854 173
567 757
536 538
435 629
815 663
468 346
799 798
576 43
389 630
870 227
404 234
524 546
30 886
102 556
224 520
365 126
969 21
151 474
525 462
172 537
11 984
141 329
778 235
442 284
279 209
196 865
149 589
4 400
864 463
679 277
454 173
588 349
71 58
438 888
666 5
637 834
659 882
637 355
340 502
895 616
422 896
665 354
42 27
76 700
996 920
94 523
643 846
109 64
402 907
152 87
475 741
347 203
400 950
73 279
493 393
530 582
788 402
818 797
463 976
671 23
938 365
199 273
337 617
101 50
366 454
721 254
900 631
981 724
121 757
429 136
241 294
800 815
465 631
94 103
833 837
893 970
738 173
383 733
479 800
584 429
527 861
651 580
613 311
566 492
859 926
489 117
732 268
169 152
409 947
739 965
329 514
314 425
733 472
44 810
491 354
82 874
535 92
43 487
62 840
229 680
208 262
242 260
776 946
6 276
277 562
839 189
513 598
637 299
924 796
435 830
41 237
605 695
658 743
802 961
58 71
322 156
419 647
909 179
360 463
166 792
635 575
82 748
951 719
32 118
517 238
616 431
330 89
553 101
999 797
559 1000
28 591
878 188
331 8
75 536
996 572
266 516
523 94
151 131
260 57
835 153
711 896
843 801
918 658
122 712
162 461
178 277
972 370
803 487
117 489
509 2
897 106
574 265
166 198
411 627
418 873
425 583
353 39
501 620
225 187
996 204
13 800
27 42
920 503
256 425
988 900
188 115
638 170
284 442
552 107
885 93
221 719
329 28
891 176
959 997
176 891
91 93
232 286
243 190
293 456
451 990
367 633
133 84
432 722
516 659
405 540
815 800
333 203
432 436
7 478
674 412
641 958
401 873
966 824
740 167
499 221
135 642
768 459
660 254
176 332
85 72
544 195
741 475
144 443
540 263
408 480
579 100
409 56
674 974
303 446
502 677
617 929
511 294
943 927
658 918
547 755
81 251
782 911
323 128
7 655
647 419
275 870
746 135
475 398
154 205
348 105
1000 747
928 918
47 462
913 271
548 101
368 575
448 176
888 438
598 894
757 567
167 740
768 161
977 134
473 847
280 369
384 981
189 839
220 966
260 32
870 275
505 312
971 500
243 247
625 366
723 969
251 495
657 925
393 160
705 577
332 176
540 95
975 310
937 563
982 671
542 177
40 309
186 948
186 518
565 966
63 67
900 988
904 917
551 44
567 427
292 531
777 827
662 229
231 69
432 304
374 171
917 904
65 740
874 958
258 798
52 300
73 622
381 217
49 248
246 222
164 259
5 233
513 372
160 961
255 330
659 206
785 55
603 510
366 625
249 134
127 169
646 599
505 993
271 627
726 315
586 336
858 35
297 962
24 829
113 960
227 870
302 969
549 848
198 854
273 153
727 712
527 314
482 853
45 211
911 782
952 912
249 36
74 637
882 659
21 969
642 135
614 930
407 962
293 87
829 706
540 405
558 623
233 5
640 862
294 511
787 801
872 484
762 711
399 117
910 284
397 630
484 151
112 939
544 498
449 757
158 677
488 47
854 198
8 331
813 589
484 670
263 540
439 527
616 152
126 365
120 237
887 285
3 663
763 623